crossing time (s)	slope (V/s)	crossing number
2118.929180	68.008491	1800
2119.945515	73.642182	1801
2121.003218	66.108103	1802
2122.018116	68.538005	1803
2123.067098	67.699287	1804
2124.110318	66.116680	1805
2125.131952	65.275158	1806
2126.187219	68.472639	1807
2127.264673	59.600304	1808
2128.257959	63.269797	1809
2129.293062	61.957685	1810
2130.281874	63.693009	1811
2131.328433	60.793454	1812
2132.387599	63.565674	1813
2133.436111	58.967420	1814
2134.454597	57.877954	1815
2135.471896	60.629928	1816
2136.516920	60.370078	1817
2137.525173	57.934171	1818
2138.575555	59.788364	1819
2139.683397	56.844548	1820
2140.621478	58.996177	1821
2141.687669	58.518398	1822
2142.680404	57.802430	1823
2143.769004	54.730852	1824
2144.767977	57.154619	1825
2145.823118	53.644299	1826
2146.909660	55.529210	1827
2147.908281	52.312739	1828
2148.926917	54.446702	1829
2149.976733	53.452423	1830
2150.967546	54.796888	1831
2152.032175	51.865711	1832
2153.096435	50.992367	1833
2154.148447	51.716350	1834
2155.168041	50.357706	1835
2156.228241	50.258742	1836
2157.199589	51.958960	1837
2158.236759	48.198302	1838
2159.310483	50.882663	1839
2160.378804	46.883474	1840
2161.368967	49.060467	1841
2162.399860	46.697871	1842
2163.389218	50.598795	1843
2164.467703	46.621092	1844
2165.484206	46.882327	1845
2166.523749	46.959546	1846
2167.529646	46.983077	1847
2168.598908	44.476652	1848
2169.650201	45.736101	1849
2170.715230	44.939596	1850
2171.707584	44.717312	1851
2172.744129	43.703285	1852
2173.781698	42.929922	1853
2174.840288	42.368021	1854
2175.875726	42.986448	1855
2176.892486	42.646573	1856
2177.958936	42.603558	1857
2178.436433	-1.138699	1858
2178.965349	41.659682	1859
2179.964331	42.986780	1860
2181.038573	41.519374	1861
2182.080667	41.637258	1862
2183.098910	39.557146	1863
2184.126920	41.865050	1864
2185.127067	40.522852	1865
2186.181988	39.887602	1866
2187.259137	38.206012	1867
2188.299666	38.743164	1868
2189.304661	36.334285	1869
2190.342581	37.143426	1870
2191.375929	36.047369	1871
2192.410376	37.863877	1872
2193.478026	36.044985	1873
2194.474439	35.801042	1874
2195.573245	35.912703	1875
2196.542327	36.484113	1876
2197.545154	33.637212	1877
2198.602366	36.762933	1878
2199.691642	32.584279	1879
2200.706888	33.069681	1880
2201.741896	33.809684	1881
2202.773474	33.518486	1882
2203.812690	31.827120	1883
2204.851303	33.291086	1884
2205.888047	30.690023	1885
2206.855763	31.427044	1886
2207.398749	-3.278797	1887
2207.910494	30.351445	1888
2208.946353	31.539894	1889
2210.027235	31.469713	1890
2211.026054	30.207442	1891
2212.062910	30.564871	1892
2213.107320	32.492192	1893
2214.132156	28.503070	1894
2215.190321	30.246880	1895
2216.236394	30.186397	1896
2217.225013	29.459767	1897
2218.301054	29.835168	1898
2219.307141	28.602528	1899
2220.391530	26.204068	1900
2221.362614	27.506601	1901
2222.459157	29.458917	1902
2223.418052	25.730765	1903
2224.512262	27.556747	1904
2225.492358	27.669043	1905
2226.587251	25.710188	1906
2227.584477	27.965857	1907
2228.659849	24.758781	1908
2229.609234	27.529642	1909
2230.707071	25.589327	1910
2231.761211	25.716337	1911
2232.775671	24.628701	1912
2233.786547	25.783425	1913
2234.860910	24.888731	1914
2235.865247	23.831539	1915
2236.955245	22.305612	1916
2237.913236	24.457750	1917
2238.960480	23.996911	1918
2240.005958	25.699409	1919
2241.076374	22.424560	1920
2242.059293	23.356671	1921
2243.117893	23.115870	1922
2244.160018	22.966470	1923
2245.202036	20.462361	1924
2246.221282	23.040590	1925
2247.333977	21.167066	1926
2248.282107	22.305913	1927
2249.317972	22.929414	1928
2250.359176	22.878481	1929
2251.404821	21.487610	1930
2252.444679	20.622000	1931
2253.462596	21.708445	1932
2254.479727	21.140010	1933
2255.580472	20.169877	1934
2256.570785	21.058325	1935
2257.593589	18.801675	1936
2258.644791	19.807189	1937
2259.683023	20.953057	1938
2260.698902	21.445786	1939
2261.793467	18.391404	1940
2262.720112	19.278067	1941
2263.819990	19.043013	1942
2264.833869	18.606411	1943
2265.896469	18.378265	1944
2266.919747	18.744792	1945
2267.986819	17.733740	1946
2268.994465	17.574499	1947
2270.039590	17.941481	1948
2271.036411	18.316049	1949
2272.076919	15.918183	1950
2273.133496	17.210953	1951
2274.150472	16.762647	1952
2275.156715	17.874384	1953
2276.267179	17.704015	1954
2277.225440	16.958344	1955
2278.293348	16.279627	1956
2279.358823	17.103706	1957
2280.368418	16.268825	1958
2281.417383	16.774705	1959
2282.445785	14.050152	1960
2283.444868	17.359868	1961
2284.511437	14.117209	1962
2285.515351	15.771257	1963
2286.577191	15.831657	1964
2287.594090	14.964703	1965
2288.659928	14.869854	1966
2289.666371	15.918271	1967
2290.722631	13.800719	1968
2291.733366	16.116970	1969
2292.782431	14.782334	1970
2293.819644	14.859393	1971
2294.866594	11.982769	1972
2295.869494	14.450429	1973
2296.952816	13.792383	1974
2297.938780	15.287860	1975
2299.041674	13.306676	1976
2300.007581	13.270113	1977
2301.096510	13.121419	1978
2302.078513	14.121829	1979
2303.175545	12.185168	1980
2304.159631	14.611797	1981
2305.207341	13.406868	1982
2306.188536	13.001992	1983
2307.297505	11.693697	1984
2308.262641	14.578463	1985
2309.357042	12.265370	1986
2310.363484	12.883037	1987
2311.404107	11.275963	1988
2312.403956	15.190714	1989
2313.462560	11.392986	1990
2314.491746	13.042400	1991
2315.550068	12.054624	1992
2316.581227	12.559311	1993
2317.657435	11.684637	1994
2318.668504	9.565087	1995
2319.731728	8.939795	1996
2320.681638	10.445371	1997
2321.799492	12.691396	1998
2322.749114	9.779770	1999
2323.797587	9.420330	2000
2324.868523	9.569955	2001
2325.956306	10.808215	2002
2326.908899	11.996556	2003
2328.003443	9.364182	2004
2328.960099	11.294912	2005
2330.041699	11.109912	2006
2331.037225	10.681226	2007
2332.124310	9.995136	2008
2333.108249	11.990782	2009
2334.199839	10.746140	2010
2335.159796	9.940936	2011
2336.242609	9.835080	2012
2337.250743	10.113024	2013
2338.337349	9.400012	2014
2339.344621	10.470111	2015
2340.432737	9.021011	2016
2341.390642	8.914777	2017
2342.430572	8.864864	2018
2343.466673	9.329436	2019
2344.517675	8.792792	2020
2345.567953	7.994353	2021
2346.636084	9.180859	2022
2347.590130	9.798552	2023
2348.700013	10.193806	2024
2349.681293	9.486860	2025
2350.761746	8.594405	2026
2351.758447	7.919529	2027
2352.837169	7.475161	2028
2353.790223	8.184837	2029
2354.946251	8.188994	2030
2355.869437	8.362364	2031
2356.945859	7.332230	2032
2357.917685	9.197891	2033
2359.039793	7.523828	2034
2360.008852	8.422481	2035
2361.124998	6.961455	2036
2362.100808	8.191273	2037
2363.184700	6.856428	2038
2364.163772	6.245643	2039
2365.243118	8.617115	2040
2366.227802	7.922602	2041
2367.326306	8.511481	2042
2368.293210	8.835968	2043
2369.399676	8.991283	2044
2370.349636	8.203284	2045
2371.440042	6.795244	2046
2372.404637	7.897762	2047
2373.503490	5.387631	2048
2374.496243	6.172675	2049
2375.592208	6.718815	2050
2376.550937	8.427112	2051
2377.657637	7.956348	2052
2378.642247	6.089317	2053
2379.733021	6.889496	2054
2380.683181	7.612410	2055
2381.809041	5.844310	2056
2382.796325	4.715092	2057
2383.843668	6.950822	2058
2384.858340	5.872035	2059
2385.926861	4.370273	2060
2386.917908	6.914067	2061
2388.000409	4.640333	2062
2388.974402	6.089054	2063
2390.080050	4.233572	2064
2391.059473	7.461482	2065
2392.165039	4.056856	2066
2393.122935	7.160103	2067
2394.231530	5.592742	2068
2395.164124	5.441257	2069
2396.281992	4.712662	2070
2397.284584	5.916088	2071
2398.332435	4.754897	2072
2399.347543	5.482318	2073
2400.420764	5.513418	2074
2401.388562	6.847283	2075
2402.493845	4.684396	2076
2403.477401	4.393454	2077
2404.565065	4.183756	2078
2405.509338	4.323459	2079
2406.604796	3.763582	2080
2407.596638	5.008222	2081
2408.699123	3.725185	2082
2409.674320	4.406623	2083
2410.768470	4.907008	2084
2411.713722	4.183437	2085
