time (s)	theta (A)	maj axis/z0	min axis/z0	crossing#mod 255
7994.999361	85.444946	1.163376	0.050994	11
7997.097859	82.892181	0.512106	0.069822	13
7998.099806	303.982483	0.296106	0.100000	15
8000.199890	269.575073	1.116054	0.052189	17
8002.269597	268.721161	1.175590	0.025119	19
8004.320806	264.196381	1.111663	0.039567	21
8006.419847	253.677505	0.485873	0.100000	23
8007.435560	102.869949	0.536853	0.100000	25
8008.498270	296.860046	0.318816	0.100000	27
8010.175782	192.081192	0.028539	0.042898	29
8011.615460	88.790993	1.047655	0.033239	31
8013.690956	88.064713	1.042346	0.027705	33
8015.763472	68.177055	0.442686	0.100000	35
8016.761945	299.125916	0.333311	0.100000	37
8018.832679	269.731964	1.011500	0.028764	39
8020.911485	269.696686	0.983451	0.024061	41
8023.004971	265.981781	0.953395	0.017409	43
8025.091702	263.936005	0.971807	0.023681	45
8027.143131	268.093384	0.990911	0.029147	47
8028.750017	139.493195	-0.000244	0.100000	49
8030.276266	84.837814	0.952375	0.025744	51
8032.324039	88.721230	0.942704	0.022692	53
8034.387690	89.840103	0.903038	0.014867	55
8036.467750	82.436981	0.497230	0.065655	57
8037.520649	290.065460	0.328974	0.100000	59
8039.588970	252.535812	0.423064	0.100000	61
8040.624614	101.099724	0.316188	0.100000	63
8042.692641	87.399933	0.866890	0.010518	65
8044.755052	86.220558	0.849144	0.008224	67
8046.826032	85.174789	0.821983	0.010132	69
8048.916991	86.834747	0.793564	0.013337	71
8051.017518	89.889755	0.790407	0.008819	73
8053.087903	89.756233	0.802293	0.001853	75
8055.139984	87.626457	0.803690	0.001577	77
8057.194433	86.133339	0.778026	0.002940	79
8059.262619	85.920547	0.752808	0.003555	81
8061.340536	86.336739	0.736449	0.002730	83
8063.415402	86.855812	0.729733	0.001870	85
8065.490599	87.365005	0.720740	0.001100	87
8067.556299	87.994507	0.711158	0.000414	89
8069.627365	88.790520	0.694426	-0.000874	91
8071.704429	88.966194	0.678219	-0.003132	93
8073.796667	88.004486	0.664310	-0.005111	95
8075.893782	86.318604	0.654893	-0.005314	97
8077.975722	85.594193	0.654371	-0.003169	99
8080.039315	86.329254	0.657471	-0.001906	101
8082.090232	87.524109	0.649403	-0.004040	103
8084.145838	87.871597	0.630621	-0.006152	105
8086.213593	87.601768	0.616618	-0.007813	107
8088.283597	87.019958	0.604317	-0.008680	109
8090.355325	86.286568	0.592434	-0.008972	111
8092.436005	86.048264	0.580148	-0.008392	113
8094.526863	86.940475	0.564934	-0.007751	115
8096.622667	88.736755	0.553665	-0.008397	117
8098.710708	89.935371	0.549786	-0.011266	119
8100.783974	90.001984	0.548363	-0.012803	121
8102.844350	88.948860	0.549244	-0.014398	123
8104.897670	87.988762	0.543560	-0.012220	125
8106.956265	87.336174	0.532898	-0.011696	127
8109.018899	87.208595	0.521031	-0.011562	129
8111.084845	87.292122	0.509837	-0.012115	131
8113.162172	87.555283	0.499651	-0.012458	133
8115.236187	87.839195	0.490017	-0.012846	135
8117.316444	88.031914	0.480104	-0.013350	137
8119.406766	87.937103	0.469402	-0.014194	139
8121.497029	87.834671	0.456711	-0.016242	141
8123.581596	86.678070	0.450853	-0.014667	143
8125.670731	86.406685	0.443500	-0.013494	145
8127.737526	86.486328	0.439859	-0.012987	147
8129.793766	87.009781	0.439876	-0.013262	149
8131.847980	87.334511	0.434920	-0.014163	151
8133.903290	87.345329	0.426333	-0.015080	153
8135.966595	87.021515	0.416982	-0.015797	155
8138.040791	86.715439	0.407001	-0.015860	157
8140.115949	86.708313	0.397056	-0.015762	159
8142.208898	87.420563	0.385363	-0.015271	161
8144.298071	88.559441	0.375608	-0.015585	163
8146.389934	89.808182	0.366772	-0.017246	165
8148.476060	90.570572	0.360603	-0.020240	167
8150.550640	90.308556	0.358886	-0.020152	169
8152.608926	89.549988	0.358417	-0.019023	171
8154.670363	88.899780	0.356677	-0.017952	173
8156.732361	88.455231	0.350246	-0.017357	175
8158.803076	88.161018	0.344274	-0.017086	177
8160.869563	88.047966	0.336875	-0.016909	179
8162.955953	88.047234	0.328813	-0.017131	181
8165.035542	88.049065	0.318123	-0.017276	183
8167.116405	87.774956	0.307848	-0.017670	185
8169.205350	87.490601	0.298376	-0.018123	187
8171.293806	87.114952	0.293736	-0.017780	189
8173.361882	86.996239	0.294413	-0.016786	191
8175.411608	87.293449	0.296008	-0.016147	193
8177.464007	87.541458	0.294185	-0.016871	195
8179.515126	87.462357	0.290729	-0.017345	197
8181.578987	87.228752	0.284404	-0.017420	199
8183.643246	86.986748	0.277769	-0.018007	201
8185.727170	87.071342	0.269974	-0.017006	203
8187.812392	88.012985	0.261060	-0.017403	205
8189.903219	89.174103	0.251382	-0.018007	207
8191.998324	90.523720	0.243924	-0.019834	209
8194.095536	91.616432	0.237198	-0.022299	211
8196.161036	92.138618	0.232797	-0.023461	213
8198.236914	92.173378	0.228225	-0.024007	215
8200.321114	91.603973	0.225206	-0.023139	217
8202.370191	90.459862	0.226545	-0.020491	219
8204.439152	89.997520	0.223200	-0.019658	221
8206.516408	89.715202	0.218328	-0.019046	223
8208.572532	112.918793	0.144462	-0.069941	225
8209.464918	206.205505	0.068703	-0.100000	227
8211.526016	266.157196	0.212881	-0.016607	229
8213.583863	266.390656	0.205290	-0.016497	231
8215.645409	266.732880	0.200714	-0.016208	233
8217.720468	266.572571	0.193923	-0.016999	235
8219.799392	266.283997	0.192900	-0.016280	237
8221.889372	266.190063	0.192542	-0.016436	239
8223.973540	266.014130	0.191415	-0.016144	241
8226.068776	265.850922	0.192338	-0.016568	243
8228.165987	266.008972	0.190565	-0.016054	245
8230.201478	265.642639	0.188626	-0.015756	247
8232.276098	265.059875	0.187253	-0.016001	249
8234.312568	264.138123	0.183493	-0.016309	251
8236.366205	262.289642	0.173050	-0.018729	253
8238.391684	259.996246	0.162764	-0.021382	255
8240.445808	260.269775	0.159270	-0.020527	1
8242.552659	260.889160	0.155571	-0.019484	3
