crossing time (s)	slope (V/s)	crossing number
8315.043702	-90.495668	7484
8316.077250	-87.453508	7485
8317.118746	-90.287177	7486
8318.228988	-79.464601	7487
8318.752283	0.476731	7488
8319.155643	-85.884890	7489
8320.230900	-88.062753	7490
8320.935357	1.779634	7491
8321.264225	-79.613491	7492
8321.871566	-0.551045	7493
8322.289173	-82.220664	7494
8323.350510	-81.056016	7495
8324.370610	-80.611228	7496
8325.043498	1.248711	7497
8325.428140	-78.066109	7498
8326.446257	-75.232194	7499
8327.505951	-75.602630	7500
8328.501954	-72.356141	7501
8329.572063	-72.647769	7502
8330.566950	-74.599848	7503
8331.636256	-69.565509	7504
8332.654964	-69.779015	7505
8333.725634	-69.714209	7506
8334.711133	-67.421630	7507
8335.758330	-69.811159	7508
8336.826808	-67.685913	7509
8337.840106	-66.763316	7510
8338.911147	-62.994365	7511
8339.923528	-67.620232	7512
8340.959516	-64.959096	7513
8342.009079	-61.294402	7514
8342.972861	-61.074339	7515
8343.626938	1.344727	7516
8344.057710	-63.230948	7517
8345.121696	-61.093512	7518
8346.124819	-57.813614	7519
8347.190299	-58.221498	7520
8348.275722	-59.285670	7521
8349.225831	-58.361851	7522
8350.319235	-56.137202	7523
8351.343909	-58.173218	7524
8352.359307	-55.775442	7525
8353.401002	-56.895462	7526
8354.462496	-54.728363	7527
8355.507729	-53.242891	7528
8356.509396	-54.409138	7529
8357.556036	-48.801442	7530
8358.585022	-50.428522	7531
8359.131353	0.411092	7532
8359.641586	-52.292667	7533
8360.654814	-48.631832	7534
8361.678243	-49.105866	7535
8362.752230	-49.132896	7536
8363.825145	-45.666675	7537
8364.736587	-47.504182	7538
8365.877255	-49.396926	7539
8366.908875	-43.545237	7540
8367.874271	-43.662013	7541
8369.004941	-44.756369	7542
8370.006115	-38.564360	7543
8370.992446	-40.963825	7544
8372.084295	-40.823348	7545
8373.053942	-40.246377	7546
8374.145604	-39.982570	7547
8375.166550	-40.252034	7548
8376.227733	-39.043943	7549
8377.229219	-38.880095	7550
8378.330083	-37.251163	7551
8379.257426	-37.771617	7552
8380.379311	-38.443685	7553
8381.308174	-35.924400	7554
8382.482585	-36.452316	7555
8383.456049	-34.852553	7556
8384.514745	-35.927235	7557
8385.546407	-33.922903	7558
8386.580182	-36.368291	7559
8387.667342	-35.736805	7560
8388.645400	-32.520518	7561
8389.690793	-32.439775	7562
8390.758676	-31.267214	7563
8391.739358	-30.013498	7564
8392.786741	-32.480794	7565
8393.861846	-27.587959	7566
8394.863650	-30.737058	7567
8395.953339	-31.170589	7568
8396.928906	-30.453051	7569
8398.016189	-28.613306	7570
8399.018077	-28.927485	7571
8400.058863	-28.602745	7572
8401.075173	-26.435555	7573
8402.157901	-24.891851	7574
8403.172370	-28.516613	7575
8404.194355	-26.401889	7576
8405.248341	-24.916810	7577
8406.251186	-24.729398	7578
8407.288771	-24.633452	7579
8408.362701	-24.235562	7580
8409.381793	-23.934345	7581
8410.416478	-24.739009	7582
8411.526503	-23.347422	7583
8412.460590	-21.329229	7584
8413.564101	-24.099082	7585
8414.512553	-20.293628	7586
8415.607422	-21.355111	7587
8416.658285	-20.874182	7588
8417.666554	-24.044338	7589
8418.725274	-20.687957	7590
8419.763456	-20.340800	7591
8420.764005	-21.180853	7592
8421.838585	-22.999796	7593
8422.853619	-21.146773	7594
8423.925942	-18.606643	7595
8424.902311	-18.515299	7596
8426.008737	-18.770897	7597
8427.000672	-17.553804	7598
8428.083686	-18.016246	7599
8429.080101	-17.438532	7600
8430.124573	-17.403229	7601
8431.171211	-16.577810	7602
8432.142481	-19.025275	7603
8433.255082	-16.998737	7604
8434.211411	-17.559805	7605
8435.350715	-15.925669	7606
8436.353600	-15.721452	7607
8437.331213	-16.376287	7608
8438.432751	-13.865211	7609
8439.396749	-14.920528	7610
8440.509358	-15.469226	7611
8441.483834	-13.931868	7612
8442.548917	-13.945508	7613
8443.600167	-13.897476	7614
8444.589619	-14.569448	7615
8445.708963	-11.159964	7616
8446.686471	-14.622621	7617
8447.763335	-11.685589	7618
8448.760871	-12.205510	7619
8449.815078	-13.239027	7620
8450.814785	-13.995845	7621
8451.894712	-12.955122	7622
8452.921140	-11.637021	7623
8453.946647	-13.301405	7624
8454.992253	-12.811038	7625
8456.008135	-12.310766	7626
8457.135314	-9.032601	7627
8458.058149	-12.463121	7628
8459.198951	-9.609575	7629
8460.124094	-9.401642	7630
8461.200635	-10.090915	7631
8462.253605	-8.418223	7632
8463.266083	-10.047511	7633
8464.332825	-8.792289	7634
8465.319722	-10.886347	7635
8466.453998	-9.303329	7636
8467.380770	-10.612517	7637
8468.493726	-10.797988	7638
8469.444600	-9.405843	7639
8470.581405	-8.471612	7640
8471.536387	-7.814703	7641
8472.628721	-9.063024	7642
8473.580704	-8.141642	7643
8474.742658	-6.423943	7644
8475.661270	-11.094562	7645
8476.818498	-9.444864	7646
8477.751274	-10.035882	7647
8478.881654	-10.146730	7648
8479.839706	-8.849370	7649
8480.933732	-8.131740	7650
8481.915953	-9.012684	7651
8482.971470	-6.460128	7652
8484.030580	-7.743731	7653
8485.007458	-5.990835	7654
8486.174195	-7.254540	7655
8487.066776	-6.929090	7656
8488.205546	-6.792754	7657
8489.127723	-6.697710	7658
8490.316497	-6.882977	7659
8491.205017	-5.372942	7660
8492.329925	-3.042909	7661
8493.317308	-5.211701	7662
8494.411165	-6.958987	7663
8495.434126	-5.950960	7664
8496.417684	-4.232060	7665
8497.469205	-5.107252	7666
8498.493189	-6.122146	7667
8499.548758	-5.990964	7668
8500.575829	-7.374520	7669
8501.594428	-4.753248	7670
8502.694436	-5.054297	7671
8503.647754	-5.498192	7672
8504.767194	-4.412891	7673
8505.736679	-5.286937	7674
8506.879966	-4.625813	7675
8507.752674	-4.224271	7676
8508.935807	-6.547815	7677
8509.847305	-5.808271	7678
8511.004063	-6.263017	7679
8511.955216	-4.648410	7680
8513.049924	-2.712690	7681
8514.030474	-4.917400	7682
8515.107062	-5.996366	7683
8516.135768	-4.019329	7684
8517.140449	-3.069874	7685
8518.210737	-5.001583	7686
8519.192599	-3.357703	7687
8520.299386	-5.160268	7688
8521.267534	-4.243186	7689
8522.397000	-2.842366	7690
8523.349842	-5.246079	7691
8524.458926	-6.678330	7692
8525.428742	-4.014063	7693
8526.515473	-4.063468	7694
8527.477558	-2.927487	7695
8528.578026	-1.945560	7696
8529.591441	-3.971884	7697
8530.620723	-4.260774	7698
8531.680698	-4.131360	7699
8532.679745	-4.682688	7700
8533.784349	-1.866654	7701
8534.692895	-4.533413	7702
8535.906327	-3.252000	7703
8536.749756	-2.697895	7704
8537.994969	-3.493697	7705
8538.808308	-3.713169	7706
8540.072476	-4.313891	7707
8540.895062	-3.037472	7708
8542.121471	-1.896431	7709
8542.956697	-1.425360	7710
8544.181678	-4.778516	7711
8545.069859	-3.389249	7712
8546.213225	-4.655786	7713
8547.164239	-4.940665	7714
8548.270459	-0.830416	7715
8549.240368	-3.762607	7716
8550.375859	-0.035101	7717
8551.296825	-2.503761	7718
8552.451796	-1.718962	7719
8553.349330	-0.910625	7720
8554.550930	-2.333077	7721
8555.382595	-3.479032	7722
8556.640683	-0.401273	7723
8557.450175	-3.567756	7724
8558.712482	-0.727815	7725
8559.520201	-2.762130	7726
8560.766327	0.436532	7727
8561.598467	-1.169391	7728
8562.841084	-0.247850	7729
